49 0.036352 11111000011110011011
50 0.033157 1111111000011110011011
48 0.032811 1111111000011110011010
51 0.028788 0011111111000011110011011
47 0.027512 0011111111000011110011010
52 0.02596 00011111111000011110011010
53 0.024597 0000011111111000011110011011
46 0.023682 00000011111111000011110011010
54 0.023117 000000011111111000011110011010
55 0.022837 0000000011111111000011110011010
56 0.020721 1110000000011111111000011110011011
45 0.020345 11110000000011111111000011110011010
57 0.018234 111111110000000011111111000011110011010
44 0.018148 1111111110000000011111111000011110011011
43 0.014623 011111111111110000000011111111000011110011010
58 0.014608 0011111111111110000000011111111000011110011011
42 0.012522 000011111111111110000000011111111000011110011010
41 0.011322 100000000011111111111110000000011111111000011110011010
59 0.01003 111111100000000011111111111110000000011111111000011110011010
40 0.0099843 1111111100000000011111111111110000000011111111000011110011011
60 0.008611 111111111111111100000000011111111111110000000011111111000011110011010
39 0.0080058 1111111111111111111100000000011111111111110000000011111111000011110011011
61 0.0078634 11111111111111111111100000000011111111111110000000011111111000011110011011
62 0.0073293 0111111111111111111111100000000011111111111110000000011111111000011110011010
63 0.006897 000111111111111111111111100000000011111111111110000000011111111000011110011011
64 0.0067495 0000111111111111111111111100000000011111111111110000000011111111000011110011011
38 0.0062917 000000111111111111111111111100000000011111111111110000000011111111000011110011011
65 0.0061747 000000111111111111111111111100000000011111111111110000000011111111000011110011010
74 0.0061696 0000000111111111111111111111100000000011111111111110000000011111111000011110011010
66 0.0060781 00000000111111111111111111111100000000011111111111110000000011111111000011110011011
78 0.0059713 000000000111111111111111111111100000000011111111111110000000011111111000011110011010
72 0.0059611 0000000000111111111111111111111100000000011111111111110000000011111111000011110011011
70 0.0059458 0000000000111111111111111111111100000000011111111111110000000011111111000011110011010
67 0.0058746 00000000000111111111111111111111100000000011111111111110000000011111111000011110011010
79 0.0058645 000000000000111111111111111111111100000000011111111111110000000011111111000011110011011
75 0.0058238 000000000000111111111111111111111100000000011111111111110000000011111111000011110011010
76 0.0058085 0000000000000111111111111111111111100000000011111111111110000000011111111000011110011011
73 0.0057475 00000000000000111111111111111111111100000000011111111111110000000011111111000011110011011
81 0.0057119 00000000000000111111111111111111111100000000011111111111110000000011111111000011110011010
68 0.0057068 000000000000000111111111111111111111100000000011111111111110000000011111111000011110011011
80 0.0056966 000000000000000111111111111111111111100000000011111111111110000000011111111000011110011010
69 0.0056915 1000000000000000111111111111111111111100000000011111111111110000000011111111000011110011011
71 0.0056356 1000000000000000111111111111111111111100000000011111111111110000000011111111000011110011010
112 0.0055898 11000000000000000111111111111111111111100000000011111111111110000000011111111000011110011010
77 0.0055796 111000000000000000111111111111111111111100000000011111111111110000000011111111000011110011011
83 0.0055237 1111000000000000000111111111111111111111100000000011111111111110000000011111111000011110011011
82 0.0053101 11111000000000000000111111111111111111111100000000011111111111110000000011111111000011110011010
108 0.0052439 111111000000000000000111111111111111111111100000000011111111111110000000011111111000011110011010
113 0.0051982 1111111000000000000000111111111111111111111100000000011111111111110000000011111111000011110011011
111 0.0051778 1111111000000000000000111111111111111111111100000000011111111111110000000011111111000011110011010
114 0.0051676 11111111000000000000000111111111111111111111100000000011111111111110000000011111111000011110011010
104 0.0051473 111111111000000000000000111111111111111111111100000000011111111111110000000011111111000011110011011
110 0.005132 111111111000000000000000111111111111111111111100000000011111111111110000000011111111000011110011010
109 0.005127 1111111111000000000000000111111111111111111111100000000011111111111110000000011111111000011110011011
107 0.0051219 1111111111000000000000000111111111111111111111100000000011111111111110000000011111111000011110011010
102 0.0051168 11111111111000000000000000111111111111111111111100000000011111111111110000000011111111000011110011011
101 0.0050456 111111111111000000000000000111111111111111111111100000000011111111111110000000011111111000011110011011
85 0.0050354 111111111111000000000000000111111111111111111111100000000011111111111110000000011111111000011110011010
84 0.0049693 1111111111111000000000000000111111111111111111111100000000011111111111110000000011111111000011110011011
105 0.0049489 11111111111111000000000000000111111111111111111111100000000011111111111110000000011111111000011110011011
37 0.0049489 11111111111111000000000000000111111111111111111111100000000011111111111110000000011111111000011110011010
103 0.0048981 111111111111111000000000000000111111111111111111111100000000011111111111110000000011111111000011110011011
87 0.0048981 111111111111111000000000000000111111111111111111111100000000011111111111110000000011111111000011110011010
93 0.0048879 1111111111111111000000000000000111111111111111111111100000000011111111111110000000011111111000011110011011
100 0.0048625 11111111111111111000000000000000111111111111111111111100000000011111111111110000000011111111000011110011011
88 0.0047048 111111111111111111000000000000000111111111111111111111100000000011111111111110000000011111111000011110011010
98 0.0046946 1111111111111111111000000000000000111111111111111111111100000000011111111111110000000011111111000011110011011
97 0.0046895 11111111111111111111000000000000000111111111111111111111100000000011111111111110000000011111111000011110011011
90 0.004659 11111111111111111111000000000000000111111111111111111111100000000011111111111110000000011111111000011110011010
89 0.004659 111111111111111111111000000000000000111111111111111111111100000000011111111111110000000011111111000011110011011
99 0.0046132 1111111111111111111111000000000000000111111111111111111111100000000011111111111110000000011111111000011110011011
96 0.0046082 1111111111111111111111000000000000000111111111111111111111100000000011111111111110000000011111111000011110011010
91 0.0046031 11111111111111111111111000000000000000111111111111111111111100000000011111111111110000000011111111000011110011011
94 0.0045929 11111111111111111111111000000000000000111111111111111111111100000000011111111111110000000011111111000011110011010
95 0.0045166 111111111111111111111111000000000000000111111111111111111111100000000011111111111110000000011111111000011110011010
106 0.0044607 11111111111111111111111111000000000000000111111111111111111111100000000011111111111110000000011111111000011110011011
86 0.0044403 11111111111111111111111111000000000000000111111111111111111111100000000011111111111110000000011111111000011110011010
92 0.0043894 111111111111111111111111111000000000000000111111111111111111111100000000011111111111110000000011111111000011110011010
116 0.0043488 1111111111111111111111111111000000000000000111111111111111111111100000000011111111111110000000011111111000011110011011
115 0.0042165 111111111111111111111111111111000000000000000111111111111111111111100000000011111111111110000000011111111000011110011011
35 0.0041148 1111111111111111111111111111111000000000000000111111111111111111111100000000011111111111110000000011111111000011110011010
121 0.0040843 11111111111111111111111111111111000000000000000111111111111111111111100000000011111111111110000000011111111000011110011010
36 0.0040487 111111111111111111111111111111111000000000000000111111111111111111111100000000011111111111110000000011111111000011110011011
117 0.0040436 111111111111111111111111111111111000000000000000111111111111111111111100000000011111111111110000000011111111000011110011010
118 0.0040334 1111111111111111111111111111111111000000000000000111111111111111111111100000000011111111111110000000011111111000011110011010
120 0.0039266 111111111111111111111111111111111111000000000000000111111111111111111111100000000011111111111110000000011111111000011110011011
119 0.0039266 111111111111111111111111111111111111000000000000000111111111111111111111100000000011111111111110000000011111111000011110011010
123 0.0039012 1111111111111111111111111111111111111000000000000000111111111111111111111100000000011111111111110000000011111111000011110011011
122 0.0038859 1111111111111111111111111111111111111000000000000000111111111111111111111100000000011111111111110000000011111111000011110011010
124 0.0038808 11111111111111111111111111111111111111000000000000000111111111111111111111100000000011111111111110000000011111111000011110011011
34 0.0037638 011111111111111111111111111111111111111000000000000000111111111111111111111100000000011111111111110000000011111111000011110011011
125 0.0036621 0011111111111111111111111111111111111111000000000000000111111111111111111111100000000011111111111110000000011111111000011110011011
128 0.0036062 0011111111111111111111111111111111111111000000000000000111111111111111111111100000000011111111111110000000011111111000011110011010
126 0.0034739 000011111111111111111111111111111111111111000000000000000111111111111111111111100000000011111111111110000000011111111000011110011011
127 0.0033773 0000011111111111111111111111111111111111111000000000000000111111111111111111111100000000011111111111110000000011111111000011110011011
129 0.0033518 0000011111111111111111111111111111111111111000000000000000111111111111111111111100000000011111111111110000000011111111000011110011010
130 0.0032145 000000011111111111111111111111111111111111111000000000000000111111111111111111111100000000011111111111110000000011111111000011110011010
131 0.0030416 0000000011111111111111111111111111111111111111000000000000000111111111111111111111100000000011111111111110000000011111111000011110011010
133 0.0030365 00000000011111111111111111111111111111111111111000000000000000111111111111111111111100000000011111111111110000000011111111000011110011011
33 0.0030212 00000000011111111111111111111111111111111111111000000000000000111111111111111111111100000000011111111111110000000011111111000011110011010
135 0.0029907 000000000011111111111111111111111111111111111111000000000000000111111111111111111111100000000011111111111110000000011111111000011110011010
134 0.0029806 0000000000011111111111111111111111111111111111111000000000000000111111111111111111111100000000011111111111110000000011111111000011110011011
139 0.0028483 00000000000011111111111111111111111111111111111111000000000000000111111111111111111111100000000011111111111110000000011111111000011110011010
136 0.0028178 100000000000011111111111111111111111111111111111111000000000000000111111111111111111111100000000011111111111110000000011111111000011110011011
137 0.0028076 100000000000011111111111111111111111111111111111111000000000000000111111111111111111111100000000011111111111110000000011111111000011110011010
32 0.0027974 1100000000000011111111111111111111111111111111111111000000000000000111111111111111111111100000000011111111111110000000011111111000011110011011
138 0.002772 1100000000000011111111111111111111111111111111111111000000000000000111111111111111111111100000000011111111111110000000011111111000011110011010
132 0.0027568 11100000000000011111111111111111111111111111111111111000000000000000111111111111111111111100000000011111111111110000000011111111000011110011011
141 0.0027517 11100000000000011111111111111111111111111111111111111000000000000000111111111111111111111100000000011111111111110000000011111111000011110011010
140 0.0027415 111100000000000011111111111111111111111111111111111111000000000000000111111111111111111111100000000011111111111110000000011111111000011110011011
31 0.0026245 1111100000000000011111111111111111111111111111111111111000000000000000111111111111111111111100000000011111111111110000000011111111000011110011010
30 0.0025787 11111100000000000011111111111111111111111111111111111111000000000000000111111111111111111111100000000011111111111110000000011111111000011110011010
142 0.0025024 111111100000000000011111111111111111111111111111111111111000000000000000111111111111111111111100000000011111111111110000000011111111000011110011010
144 0.0024516 1111111100000000000011111111111111111111111111111111111111000000000000000111111111111111111111100000000011111111111110000000011111111000011110011010
29 0.0024312 11111111100000000000011111111111111111111111111111111111111000000000000000111111111111111111111100000000011111111111110000000011111111000011110011010
157 0.0023651 1111111111100000000000011111111111111111111111111111111111111000000000000000111111111111111111111100000000011111111111110000000011111111000011110011011
143 0.00236 1111111111100000000000011111111111111111111111111111111111111000000000000000111111111111111111111100000000011111111111110000000011111111000011110011010
153 0.0023346 11111111111100000000000011111111111111111111111111111111111111000000000000000111111111111111111111100000000011111111111110000000011111111000011110011010
158 0.0023142 111111111111100000000000011111111111111111111111111111111111111000000000000000111111111111111111111100000000011111111111110000000011111111000011110011010
155 0.0022786 1111111111111100000000000011111111111111111111111111111111111111000000000000000111111111111111111111100000000011111111111110000000011111111000011110011010
28 0.002243 11111111111111100000000000011111111111111111111111111111111111111000000000000000111111111111111111111100000000011111111111110000000011111111000011110011010
145 0.0022227 111111111111111100000000000011111111111111111111111111111111111111000000000000000111111111111111111111100000000011111111111110000000011111111000011110011010
254 0.0021667 11111111111111111100000000000011111111111111111111111111111111111111000000000000000111111111111111111111100000000011111111111110000000011111111000011110011011
154 0.0021261 111111111111111111100000000000011111111111111111111111111111111111111000000000000000111111111111111111111100000000011111111111110000000011111111000011110011010
148 0.0021057 1111111111111111111100000000000011111111111111111111111111111111111111000000000000000111111111111111111111100000000011111111111110000000011111111000011110011010
147 0.0020854 11111111111111111111100000000000011111111111111111111111111111111111111000000000000000111111111111111111111100000000011111111111110000000011111111000011110011011
27 0.0020854 11111111111111111111100000000000011111111111111111111111111111111111111000000000000000111111111111111111111100000000011111111111110000000011111111000011110011010
150 0.0020752 111111111111111111111100000000000011111111111111111111111111111111111111000000000000000111111111111111111111100000000011111111111110000000011111111000011110011010
151 0.0020396 1111111111111111111111100000000000011111111111111111111111111111111111111000000000000000111111111111111111111100000000011111111111110000000011111111000011110011010
146 0.0019989 111111111111111111111111100000000000011111111111111111111111111111111111111000000000000000111111111111111111111100000000011111111111110000000011111111000011110011011
152 0.0019836 1111111111111111111111111100000000000011111111111111111111111111111111111111000000000000000111111111111111111111100000000011111111111110000000011111111000011110011011
26 0.0019379 11111111111111111111111111100000000000011111111111111111111111111111111111111000000000000000111111111111111111111100000000011111111111110000000011111111000011110011010
149 0.0018158 011111111111111111111111111100000000000011111111111111111111111111111111111111000000000000000111111111111111111111100000000011111111111110000000011111111000011110011010
25 0.0017904 0011111111111111111111111111100000000000011111111111111111111111111111111111111000000000000000111111111111111111111100000000011111111111110000000011111111000011110011010
24 0.0017446 00011111111111111111111111111100000000000011111111111111111111111111111111111111000000000000000111111111111111111111100000000011111111111110000000011111111000011110011010
156 0.0017344 000011111111111111111111111111100000000000011111111111111111111111111111111111111000000000000000111111111111111111111100000000011111111111110000000011111111000011110011011
182 0.0016734 0000011111111111111111111111111100000000000011111111111111111111111111111111111111000000000000000111111111111111111111100000000011111111111110000000011111111000011110011011
181 0.0016632 0000011111111111111111111111111100000000000011111111111111111111111111111111111111000000000000000111111111111111111111100000000011111111111110000000011111111000011110011010
159 0.001653 00000011111111111111111111111111100000000000011111111111111111111111111111111111111000000000000000111111111111111111111100000000011111111111110000000011111111000011110011011
187 0.0016276 000000011111111111111111111111111100000000000011111111111111111111111111111111111111000000000000000111111111111111111111100000000011111111111110000000011111111000011110011011
255 0.001592 000000011111111111111111111111111100000000000011111111111111111111111111111111111111000000000000000111111111111111111111100000000011111111111110000000011111111000011110011010
184 0.0015869 0000000011111111111111111111111111100000000000011111111111111111111111111111111111111000000000000000111111111111111111111100000000011111111111110000000011111111000011110011011
188 0.0015259 00000000011111111111111111111111111100000000000011111111111111111111111111111111111111000000000000000111111111111111111111100000000011111111111110000000011111111000011110011011
23 0.0014954 00000000011111111111111111111111111100000000000011111111111111111111111111111111111111000000000000000111111111111111111111100000000011111111111110000000011111111000011110011010
161 0.0014852 000000000011111111111111111111111111100000000000011111111111111111111111111111111111111000000000000000111111111111111111111100000000011111111111110000000011111111000011110011011
180 0.0014801 000000000011111111111111111111111111100000000000011111111111111111111111111111111111111000000000000000111111111111111111111100000000011111111111110000000011111111000011110011010
160 0.0014801 0000000000011111111111111111111111111100000000000011111111111111111111111111111111111111000000000000000111111111111111111111100000000011111111111110000000011111111000011110011011
185 0.0013784 10000000000011111111111111111111111111100000000000011111111111111111111111111111111111111000000000000000111111111111111111111100000000011111111111110000000011111111000011110011011
190 0.0013326 110000000000011111111111111111111111111100000000000011111111111111111111111111111111111111000000000000000111111111111111111111100000000011111111111110000000011111111000011110011010
22 0.0013021 1110000000000011111111111111111111111111100000000000011111111111111111111111111111111111111000000000000000111111111111111111111100000000011111111111110000000011111111000011110011011
178 0.0012919 1110000000000011111111111111111111111111100000000000011111111111111111111111111111111111111000000000000000111111111111111111111100000000011111111111110000000011111111000011110011010
175 0.0012716 11110000000000011111111111111111111111111100000000000011111111111111111111111111111111111111000000000000000111111111111111111111100000000011111111111110000000011111111000011110011010
171 0.0012156 1111110000000000011111111111111111111111111100000000000011111111111111111111111111111111111111000000000000000111111111111111111111100000000011111111111110000000011111111000011110011010
192 0.0012054 11111110000000000011111111111111111111111111100000000000011111111111111111111111111111111111111000000000000000111111111111111111111100000000011111111111110000000011111111000011110011011
173 0.0011953 111111110000000000011111111111111111111111111100000000000011111111111111111111111111111111111111000000000000000111111111111111111111100000000011111111111110000000011111111000011110011011
166 0.0011953 111111110000000000011111111111111111111111111100000000000011111111111111111111111111111111111111000000000000000111111111111111111111100000000011111111111110000000011111111000011110011010
163 0.0011851 1111111110000000000011111111111111111111111111100000000000011111111111111111111111111111111111111000000000000000111111111111111111111100000000011111111111110000000011111111000011110011011
186 0.0011749 1111111110000000000011111111111111111111111111100000000000011111111111111111111111111111111111111000000000000000111111111111111111111100000000011111111111110000000011111111000011110011010
183 0.0011749 11111111110000000000011111111111111111111111111100000000000011111111111111111111111111111111111111000000000000000111111111111111111111100000000011111111111110000000011111111000011110011011
177 0.0011546 111111111110000000000011111111111111111111111111100000000000011111111111111111111111111111111111111000000000000000111111111111111111111100000000011111111111110000000011111111000011110011011
162 0.0011241 11111111111110000000000011111111111111111111111111100000000000011111111111111111111111111111111111111000000000000000111111111111111111111100000000011111111111110000000011111111000011110011011
191 0.0011139 111111111111110000000000011111111111111111111111111100000000000011111111111111111111111111111111111111000000000000000111111111111111111111100000000011111111111110000000011111111000011110011011
189 0.0011037 111111111111110000000000011111111111111111111111111100000000000011111111111111111111111111111111111111000000000000000111111111111111111111100000000011111111111110000000011111111000011110011010
174 0.0011037 1111111111111110000000000011111111111111111111111111100000000000011111111111111111111111111111111111111000000000000000111111111111111111111100000000011111111111110000000011111111000011110011011
164 0.0011037 1111111111111110000000000011111111111111111111111111100000000000011111111111111111111111111111111111111000000000000000111111111111111111111100000000011111111111110000000011111111000011110011010
170 0.0010783 11111111111111110000000000011111111111111111111111111100000000000011111111111111111111111111111111111111000000000000000111111111111111111111100000000011111111111110000000011111111000011110011011
165 0.0010732 111111111111111110000000000011111111111111111111111111100000000000011111111111111111111111111111111111111000000000000000111111111111111111111100000000011111111111110000000011111111000011110011010
193 0.0010579 1111111111111111110000000000011111111111111111111111111100000000000011111111111111111111111111111111111111000000000000000111111111111111111111100000000011111111111110000000011111111000011110011010
197 0.0010427 11111111111111111110000000000011111111111111111111111111100000000000011111111111111111111111111111111111111000000000000000111111111111111111111100000000011111111111110000000011111111000011110011011
169 0.0010325 111111111111111111110000000000011111111111111111111111111100000000000011111111111111111111111111111111111111000000000000000111111111111111111111100000000011111111111110000000011111111000011110011011
168 0.0010173 1111111111111111111110000000000011111111111111111111111111100000000000011111111111111111111111111111111111111000000000000000111111111111111111111100000000011111111111110000000011111111000011110011011
194 0.0010071 11111111111111111111110000000000011111111111111111111111111100000000000011111111111111111111111111111111111111000000000000000111111111111111111111100000000011111111111110000000011111111000011110011011
195 0.00098674 1111111111111111111111110000000000011111111111111111111111111100000000000011111111111111111111111111111111111111000000000000000111111111111111111111100000000011111111111110000000011111111000011110011011
179 0.00097148 11111111111111111111111110000000000011111111111111111111111111100000000000011111111111111111111111111111111111111000000000000000111111111111111111111100000000011111111111110000000011111111000011110011011
176 0.00097148 11111111111111111111111110000000000011111111111111111111111111100000000000011111111111111111111111111111111111111000000000000000111111111111111111111100000000011111111111110000000011111111000011110011010
167 0.0009613 011111111111111111111111110000000000011111111111111111111111111100000000000011111111111111111111111111111111111111000000000000000111111111111111111111100000000011111111111110000000011111111000011110011010
21 0.0008901 00011111111111111111111111110000000000011111111111111111111111111100000000000011111111111111111111111111111111111111000000000000000111111111111111111111100000000011111111111110000000011111111000011110011011
172 0.00086975 00011111111111111111111111110000000000011111111111111111111111111100000000000011111111111111111111111111111111111111000000000000000111111111111111111111100000000011111111111110000000011111111000011110011010
196 0.00085449 000011111111111111111111111110000000000011111111111111111111111111100000000000011111111111111111111111111111111111111000000000000000111111111111111111111100000000011111111111110000000011111111000011110011011
198 0.00082906 000011111111111111111111111110000000000011111111111111111111111111100000000000011111111111111111111111111111111111111000000000000000111111111111111111111100000000011111111111110000000011111111000011110011010
20 0.00081889 0000011111111111111111111111110000000000011111111111111111111111111100000000000011111111111111111111111111111111111111000000000000000111111111111111111111100000000011111111111110000000011111111000011110011011
200 0.00080363 00000011111111111111111111111110000000000011111111111111111111111111100000000000011111111111111111111111111111111111111000000000000000111111111111111111111100000000011111111111110000000011111111000011110011011
227 0.00073751 000000011111111111111111111111110000000000011111111111111111111111111100000000000011111111111111111111111111111111111111000000000000000111111111111111111111100000000011111111111110000000011111111000011110011011
199 0.00072225 000000011111111111111111111111110000000000011111111111111111111111111100000000000011111111111111111111111111111111111111000000000000000111111111111111111111100000000011111111111110000000011111111000011110011010
228 0.00067647 1000000011111111111111111111111110000000000011111111111111111111111111100000000000011111111111111111111111111111111111111000000000000000111111111111111111111100000000011111111111110000000011111111000011110011011
202 0.00067647 1000000011111111111111111111111110000000000011111111111111111111111111100000000000011111111111111111111111111111111111111000000000000000111111111111111111111100000000011111111111110000000011111111000011110011010
201 0.00067139 11000000011111111111111111111111110000000000011111111111111111111111111100000000000011111111111111111111111111111111111111000000000000000111111111111111111111100000000011111111111110000000011111111000011110011011
229 0.00065104 111000000011111111111111111111111110000000000011111111111111111111111111100000000000011111111111111111111111111111111111111000000000000000111111111111111111111100000000011111111111110000000011111111000011110011011
253 0.0006307 111000000011111111111111111111111110000000000011111111111111111111111111100000000000011111111111111111111111111111111111111000000000000000111111111111111111111100000000011111111111110000000011111111000011110011010
226 0.0006307 1111000000011111111111111111111111110000000000011111111111111111111111111100000000000011111111111111111111111111111111111111000000000000000111111111111111111111100000000011111111111110000000011111111000011110011011
205 0.0006307 1111000000011111111111111111111111110000000000011111111111111111111111111100000000000011111111111111111111111111111111111111000000000000000111111111111111111111100000000011111111111110000000011111111000011110011010
210 0.00061544 11111000000011111111111111111111111110000000000011111111111111111111111111100000000000011111111111111111111111111111111111111000000000000000111111111111111111111100000000011111111111110000000011111111000011110011010
203 0.00061544 111111000000011111111111111111111111110000000000011111111111111111111111111100000000000011111111111111111111111111111111111111000000000000000111111111111111111111100000000011111111111110000000011111111000011110011011
19 0.00061544 111111000000011111111111111111111111110000000000011111111111111111111111111100000000000011111111111111111111111111111111111111000000000000000111111111111111111111100000000011111111111110000000011111111000011110011010
224 0.00060018 1111111000000011111111111111111111111110000000000011111111111111111111111111100000000000011111111111111111111111111111111111111000000000000000111111111111111111111100000000011111111111110000000011111111000011110011011
222 0.00057983 11111111000000011111111111111111111111110000000000011111111111111111111111111100000000000011111111111111111111111111111111111111000000000000000111111111111111111111100000000011111111111110000000011111111000011110011011
221 0.00057983 11111111000000011111111111111111111111110000000000011111111111111111111111111100000000000011111111111111111111111111111111111111000000000000000111111111111111111111100000000011111111111110000000011111111000011110011010
230 0.00057475 111111111000000011111111111111111111111110000000000011111111111111111111111111100000000000011111111111111111111111111111111111111000000000000000111111111111111111111100000000011111111111110000000011111111000011110011010
14 0.00057475 1111111111000000011111111111111111111111110000000000011111111111111111111111111100000000000011111111111111111111111111111111111111000000000000000111111111111111111111100000000011111111111110000000011111111000011110011011
209 0.00056966 1111111111000000011111111111111111111111110000000000011111111111111111111111111100000000000011111111111111111111111111111111111111000000000000000111111111111111111111100000000011111111111110000000011111111000011110011010
207 0.00056966 11111111111000000011111111111111111111111110000000000011111111111111111111111111100000000000011111111111111111111111111111111111111000000000000000111111111111111111111100000000011111111111110000000011111111000011110011011
219 0.00055949 11111111111000000011111111111111111111111110000000000011111111111111111111111111100000000000011111111111111111111111111111111111111000000000000000111111111111111111111100000000011111111111110000000011111111000011110011010
214 0.00055949 111111111111000000011111111111111111111111110000000000011111111111111111111111111100000000000011111111111111111111111111111111111111000000000000000111111111111111111111100000000011111111111110000000011111111000011110011011
252 0.00053914 1111111111111000000011111111111111111111111110000000000011111111111111111111111111100000000000011111111111111111111111111111111111111000000000000000111111111111111111111100000000011111111111110000000011111111000011110011011
225 0.00053914 1111111111111000000011111111111111111111111110000000000011111111111111111111111111100000000000011111111111111111111111111111111111111000000000000000111111111111111111111100000000011111111111110000000011111111000011110011010
223 0.00053914 11111111111111000000011111111111111111111111110000000000011111111111111111111111111100000000000011111111111111111111111111111111111111000000000000000111111111111111111111100000000011111111111110000000011111111000011110011011
212 0.00053914 11111111111111000000011111111111111111111111110000000000011111111111111111111111111100000000000011111111111111111111111111111111111111000000000000000111111111111111111111100000000011111111111110000000011111111000011110011010
211 0.00053406 111111111111111000000011111111111111111111111110000000000011111111111111111111111111100000000000011111111111111111111111111111111111111000000000000000111111111111111111111100000000011111111111110000000011111111000011110011011
216 0.00052897 111111111111111000000011111111111111111111111110000000000011111111111111111111111111100000000000011111111111111111111111111111111111111000000000000000111111111111111111111100000000011111111111110000000011111111000011110011010
206 0.00052389 1111111111111111000000011111111111111111111111110000000000011111111111111111111111111100000000000011111111111111111111111111111111111111000000000000000111111111111111111111100000000011111111111110000000011111111000011110011011
215 0.0005188 1111111111111111000000011111111111111111111111110000000000011111111111111111111111111100000000000011111111111111111111111111111111111111000000000000000111111111111111111111100000000011111111111110000000011111111000011110011010
218 0.00051371 11111111111111111000000011111111111111111111111110000000000011111111111111111111111111100000000000011111111111111111111111111111111111111000000000000000111111111111111111111100000000011111111111110000000011111111000011110011010
208 0.00050863 111111111111111111000000011111111111111111111111110000000000011111111111111111111111111100000000000011111111111111111111111111111111111111000000000000000111111111111111111111100000000011111111111110000000011111111000011110011011
232 0.00050354 111111111111111111000000011111111111111111111111110000000000011111111111111111111111111100000000000011111111111111111111111111111111111111000000000000000111111111111111111111100000000011111111111110000000011111111000011110011010
213 0.00050354 1111111111111111111000000011111111111111111111111110000000000011111111111111111111111111100000000000011111111111111111111111111111111111111000000000000000111111111111111111111100000000011111111111110000000011111111000011110011011
204 0.00050354 1111111111111111111000000011111111111111111111111110000000000011111111111111111111111111100000000000011111111111111111111111111111111111111000000000000000111111111111111111111100000000011111111111110000000011111111000011110011010
18 0.00050354 11111111111111111111000000011111111111111111111111110000000000011111111111111111111111111100000000000011111111111111111111111111111111111111000000000000000111111111111111111111100000000011111111111110000000011111111000011110011011
217 0.00049845 11111111111111111111000000011111111111111111111111110000000000011111111111111111111111111100000000000011111111111111111111111111111111111111000000000000000111111111111111111111100000000011111111111110000000011111111000011110011010
13 0.00049845 111111111111111111111000000011111111111111111111111110000000000011111111111111111111111111100000000000011111111111111111111111111111111111111000000000000000111111111111111111111100000000011111111111110000000011111111000011110011011
231 0.00049337 111111111111111111111000000011111111111111111111111110000000000011111111111111111111111111100000000000011111111111111111111111111111111111111000000000000000111111111111111111111100000000011111111111110000000011111111000011110011010
15 0.00048828 1111111111111111111111000000011111111111111111111111110000000000011111111111111111111111111100000000000011111111111111111111111111111111111111000000000000000111111111111111111111100000000011111111111110000000011111111000011110011011
251 0.00048319 01111111111111111111111000000011111111111111111111111110000000000011111111111111111111111111100000000000011111111111111111111111111111111111111000000000000000111111111111111111111100000000011111111111110000000011111111000011110011011
220 0.00048319 01111111111111111111111000000011111111111111111111111110000000000011111111111111111111111111100000000000011111111111111111111111111111111111111000000000000000111111111111111111111100000000011111111111110000000011111111000011110011010
17 0.00046285 001111111111111111111111000000011111111111111111111111110000000000011111111111111111111111111100000000000011111111111111111111111111111111111111000000000000000111111111111111111111100000000011111111111110000000011111111000011110011011
233 0.00045268 0001111111111111111111111000000011111111111111111111111110000000000011111111111111111111111111100000000000011111111111111111111111111111111111111000000000000000111111111111111111111100000000011111111111110000000011111111000011110011011
16 0.0004425 0001111111111111111111111000000011111111111111111111111110000000000011111111111111111111111111100000000000011111111111111111111111111111111111111000000000000000111111111111111111111100000000011111111111110000000011111111000011110011010
235 0.00039673 00001111111111111111111111000000011111111111111111111111110000000000011111111111111111111111111100000000000011111111111111111111111111111111111111000000000000000111111111111111111111100000000011111111111110000000011111111000011110011010
250 0.0003713 000001111111111111111111111000000011111111111111111111111110000000000011111111111111111111111111100000000000011111111111111111111111111111111111111000000000000000111111111111111111111100000000011111111111110000000011111111000011110011011
234 0.0003713 000001111111111111111111111000000011111111111111111111111110000000000011111111111111111111111111100000000000011111111111111111111111111111111111111000000000000000111111111111111111111100000000011111111111110000000011111111000011110011010
236 0.00034078 1000001111111111111111111111000000011111111111111111111111110000000000011111111111111111111111111100000000000011111111111111111111111111111111111111000000000000000111111111111111111111100000000011111111111110000000011111111000011110011011
12 0.00033061 1000001111111111111111111111000000011111111111111111111111110000000000011111111111111111111111111100000000000011111111111111111111111111111111111111000000000000000111111111111111111111100000000011111111111110000000011111111000011110011010
249 0.00031535 11000001111111111111111111111000000011111111111111111111111110000000000011111111111111111111111111100000000000011111111111111111111111111111111111111000000000000000111111111111111111111100000000011111111111110000000011111111000011110011011
239 0.00031026 11000001111111111111111111111000000011111111111111111111111110000000000011111111111111111111111111100000000000011111111111111111111111111111111111111000000000000000111111111111111111111100000000011111111111110000000011111111000011110011010
242 0.00030518 111000001111111111111111111111000000011111111111111111111111110000000000011111111111111111111111111100000000000011111111111111111111111111111111111111000000000000000111111111111111111111100000000011111111111110000000011111111000011110011011
246 0.000295 111000001111111111111111111111000000011111111111111111111111110000000000011111111111111111111111111100000000000011111111111111111111111111111111111111000000000000000111111111111111111111100000000011111111111110000000011111111000011110011010
240 0.000295 1111000001111111111111111111111000000011111111111111111111111110000000000011111111111111111111111111100000000000011111111111111111111111111111111111111000000000000000111111111111111111111100000000011111111111110000000011111111000011110011011
247 0.00028483 1111000001111111111111111111111000000011111111111111111111111110000000000011111111111111111111111111100000000000011111111111111111111111111111111111111000000000000000111111111111111111111100000000011111111111110000000011111111000011110011010
241 0.00028483 11111000001111111111111111111111000000011111111111111111111111110000000000011111111111111111111111111100000000000011111111111111111111111111111111111111000000000000000111111111111111111111100000000011111111111110000000011111111000011110011011
243 0.00027466 11111000001111111111111111111111000000011111111111111111111111110000000000011111111111111111111111111100000000000011111111111111111111111111111111111111000000000000000111111111111111111111100000000011111111111110000000011111111000011110011010
237 0.00026957 111111000001111111111111111111111000000011111111111111111111111110000000000011111111111111111111111111100000000000011111111111111111111111111111111111111000000000000000111111111111111111111100000000011111111111110000000011111111000011110011011
238 0.00024923 111111000001111111111111111111111000000011111111111111111111111110000000000011111111111111111111111111100000000000011111111111111111111111111111111111111000000000000000111111111111111111111100000000011111111111110000000011111111000011110011010
244 0.00024414 1111111000001111111111111111111111000000011111111111111111111111110000000000011111111111111111111111111100000000000011111111111111111111111111111111111111000000000000000111111111111111111111100000000011111111111110000000011111111000011110011011
9 0.00024414 1111111000001111111111111111111111000000011111111111111111111111110000000000011111111111111111111111111100000000000011111111111111111111111111111111111111000000000000000111111111111111111111100000000011111111111110000000011111111000011110011010
248 0.00022888 01111111000001111111111111111111111000000011111111111111111111111110000000000011111111111111111111111111100000000000011111111111111111111111111111111111111000000000000000111111111111111111111100000000011111111111110000000011111111000011110011011
11 0.00021362 001111111000001111111111111111111111000000011111111111111111111111110000000000011111111111111111111111111100000000000011111111111111111111111111111111111111000000000000000111111111111111111111100000000011111111111110000000011111111000011110011011
245 0.00020345 001111111000001111111111111111111111000000011111111111111111111111110000000000011111111111111111111111111100000000000011111111111111111111111111111111111111000000000000000111111111111111111111100000000011111111111110000000011111111000011110011010
10 0.00015767 0001111111000001111111111111111111111000000011111111111111111111111110000000000011111111111111111111111111100000000000011111111111111111111111111111111111111000000000000000111111111111111111111100000000011111111111110000000011111111000011110011011
8 7.1208e-05 0001111111000001111111111111111111111000000011111111111111111111111110000000000011111111111111111111111111100000000000011111111111111111111111111111111111111000000000000000111111111111111111111100000000011111111111110000000011111111000011110011010
